Recorder type:
least_squares
N_parameters:
2
function_evaluation,seconds,x(1),x(2),objective_function
     1,  7.9976e+02,  5.0000000000000003e-02, -5.0000000000000003e-02,  2.6333740592151217e-01
     2,  8.0670e+02,  5.0000000000000003e-02, -5.0000000000000003e-02,  2.6333740592151217e-01
     3,  8.0670e+02,  5.0010000000000006e-02, -5.0000000000000003e-02,  2.6349079410042398e-01
     4,  8.0670e+02,  5.0000000000000003e-02, -4.9990000000000000e-02,  2.6318350632657789e-01
     5,  8.1125e+02,  3.4972987783875822e-02, -3.5026866276516570e-02,  9.2819649145965896e-03
     6,  8.2089e+02,  3.4972987783875822e-02, -3.5026866276516570e-02,  9.2819649145965896e-03
     7,  8.2089e+02,  3.4982987783875825e-02, -3.5026866276516570e-02,  9.3054572471220343e-03
     8,  8.2089e+02,  3.4972987783875822e-02, -3.5016866276516567e-02,  9.2584328672340992e-03
     9,  8.2858e+02,  7.6279362265531711e-02,  1.3362101619156033e-02,  3.6194172187970559e-02
    10,  8.3228e+02,  5.3598967640448178e-02, -9.2503699558612144e-03,  2.9699205143964586e-03
    11,  8.4006e+02,  5.3598967640448178e-02, -9.2503699558612144e-03,  2.9699205143964586e-03
    12,  8.4007e+02,  5.3608967640448181e-02, -9.2503699558612144e-03,  2.9811611670259325e-03
    13,  8.4007e+02,  5.3598967640448178e-02, -9.2403699558612148e-03,  2.9619955380430054e-03
    14,  8.4441e+02,  3.2558567986141068e-02, -3.3111317420351505e-02,  2.2275170989730104e-03
    15,  8.5484e+02,  3.2558567986141068e-02, -3.3111317420351505e-02,  2.2275170989730104e-03
    16,  8.5484e+02,  3.2568567986141071e-02, -3.3111317420351505e-02,  2.2368281193279075e-03
    17,  8.5484e+02,  3.2558567986141068e-02, -3.3101317420351502e-02,  2.2181945161059580e-03
    18,  1.0390e+03,  5.3504051361147754e-02, -9.1676060326758395e-03,  2.8030934347705976e-03
    19,  1.0427e+03,  4.2180015600380240e-02, -2.0450020272401927e-02,  1.0273834699380795e-03
    20,  1.0483e+03,  4.2180015600380240e-02, -2.0450020272401927e-02,  1.0273834699380795e-03
    21,  1.0483e+03,  4.2190015600380243e-02, -2.0450020272401927e-02,  1.0297871898460812e-03
    22,  1.0483e+03,  4.2180015600380240e-02, -2.0440020272401927e-02,  1.0255689025527241e-03
    23,  1.0525e+03,  1.0109872668114285e-02, -5.5788897398176988e-02,  8.0939309347342857e-03
    24,  1.0563e+03,  2.5955637667034560e-02, -3.7947049432066990e-02,  1.1990996460025313e-03
    25,  1.0601e+03,  3.3881257121730068e-02, -2.9023043720916013e-02,  8.2067430052860013e-04
    26,  1.0670e+03,  3.3881257121730068e-02, -2.9023043720916013e-02,  8.2067430052860013e-04
    27,  1.0670e+03,  3.3891257121730071e-02, -2.9023043720916013e-02,  8.2185572605191393e-04
    28,  1.0670e+03,  3.3881257121730068e-02, -2.9013043720916013e-02,  8.1961186754628181e-04
    29,  1.0707e+03,  2.5351444017579425e-02, -3.7367883954141132e-02,  8.6158094641805810e-04
    30,  1.0746e+03,  2.9520373857044400e-02, -3.3095778050518228e-02,  7.9698147027850081e-04
    31,  1.0818e+03,  2.9520373857044400e-02, -3.3095778050518228e-02,  7.9698147027850081e-04
    32,  1.0818e+03,  2.9530373857044399e-02, -3.3095778050518228e-02,  7.9725195502038093e-04
    33,  1.0818e+03,  2.9520373857044400e-02, -3.3085778050518225e-02,  7.9668365967049354e-04
    34,  1.0858e+03,  3.3742796532178945e-02, -2.8880677494426247e-02,  8.0049624959132259e-04
    35,  1.0902e+03,  3.1606348242979906e-02, -3.0963424648339601e-02,  7.9150438740540013e-04
    36,  1.0961e+03,  3.1606348242979906e-02, -3.0963424648339601e-02,  7.9150438740540013e-04
    37,  1.0961e+03,  3.1616348242979909e-02, -3.0963424648339601e-02,  7.9161030411444618e-04
    38,  1.0961e+03,  3.1606348242979906e-02, -3.0953424648339601e-02,  7.9143489698754082e-04
    39,  1.1005e+03,  2.9483552107178838e-02, -3.3059389961357627e-02,  7.9567289800037879e-04
    40,  1.1046e+03,  3.0537274638584300e-02, -3.2003632640410458e-02,  7.9191316267751663e-04
    41,  1.1090e+03,  3.1064220733290758e-02, -3.1475668987124214e-02,  7.9132435237561007e-04
    42,  1.1182e+03,  3.1064220733290758e-02, -3.1475668987124214e-02,  7.9132435237561007e-04
    43,  1.1182e+03,  3.1074220733290758e-02, -3.1475668987124214e-02,  7.9133987444781370e-04
    44,  1.1182e+03,  3.1064220733290758e-02, -3.1465668987124211e-02,  7.9133071276731558e-04
    45,  1.1251e+03,  3.1591816604094942e-02, -3.0948575665142010e-02,  7.9136951593754236e-04
    46,  1.1293e+03,  3.1327405958770871e-02, -3.1211514847239823e-02,  7.9125071103311169e-04
    47,  1.1404e+03,  3.1327405958770871e-02, -3.1211514847239823e-02,  7.9125071103311169e-04
    48,  1.1404e+03,  3.1337405958770874e-02, -3.1211514847239823e-02,  7.9126446032857817e-04
    49,  1.1404e+03,  3.1327405958770871e-02, -3.1201514847239823e-02,  7.9126574526110118e-04
    50,  1.1468e+03,  3.1063500963292676e-02, -3.1474955073212331e-02,  7.9132397839210163e-04
    51,  1.1516e+03,  3.1195511776504471e-02, -3.1343292933133080e-02,  7.9127191256903495e-04
    52,  1.1560e+03,  3.1261517221626331e-02, -3.1277461824679213e-02,  7.9126049620532293e-04
    53,  1.1604e+03,  3.1294520021219588e-02, -3.1244546193623421e-02,  7.9125049196158222e-04
    54,  1.1688e+03,  3.1294520021219588e-02, -3.1244546193623421e-02,  7.9125049196158222e-04
    55,  1.1689e+03,  3.1304520021219591e-02, -3.1244546193623421e-02,  7.9126447766954050e-04
    56,  1.1689e+03,  3.1294520021219588e-02, -3.1234546193623421e-02,  7.9126446426711766e-04
    57,  1.1822e+03,  3.1310820966523545e-02, -3.1227891331235092e-02,  7.9125019571943704e-04
    58,  1.1898e+03,  3.1310820966523545e-02, -3.1227891331235092e-02,  7.9125019571943704e-04
    59,  1.1898e+03,  3.1320820966523548e-02, -3.1227891331235092e-02,  7.9126340341259419e-04
    60,  1.1898e+03,  3.1310820966523545e-02, -3.1217891331235093e-02,  7.9126562014274367e-04
    61,  1.1943e+03,  3.1294518077932827e-02, -3.1244544305082333e-02,  7.9125049194343647e-04
    62,  1.1987e+03,  3.1302767343005015e-02, -3.1236311793422761e-02,  7.9125017338705673e-04
    63,  1.2082e+03,  3.1302767343005015e-02, -3.1236311793422761e-02,  7.9125017338705673e-04
    64,  1.2082e+03,  3.1312767343005019e-02, -3.1236311793422761e-02,  7.9126431700399290e-04
    65,  1.2082e+03,  3.1302767343005015e-02, -3.1226311793422761e-02,  7.9126435103809472e-04
    66,  1.2133e+03,  3.1306866312993918e-02, -3.1232171271946805e-02,  7.9125013310431638e-04
    67,  1.2241e+03,  3.1306866312993918e-02, -3.1232171271946805e-02,  7.9125013310431638e-04
    68,  1.2241e+03,  3.1316866312993921e-02, -3.1232171271946805e-02,  7.9126422941016455e-04
    69,  1.2241e+03,  3.1306866312993918e-02, -3.1222171271946805e-02,  7.9126454868675821e-04
    70,  1.3764e+03,  3.1294519677209823e-02, -3.1244543767649988e-02,  7.9125049196918096e-04
    71,  1.3807e+03,  3.1300706055383161e-02, -3.1238370431946844e-02,  7.9125022258437038e-04
    72,  1.3850e+03,  3.1303799285447714e-02, -3.1235283723203781e-02,  7.9125015828834648e-04
    73,  1.3893e+03,  3.1305345982445262e-02, -3.1233740287039784e-02,  7.9125014080957869e-04
    74,  1.3943e+03,  3.1306119494950622e-02, -3.1232968405296962e-02,  7.9125013437773579e-04
    75,  1.3986e+03,  3.1306506579826462e-02, -3.1232582136495220e-02,  7.9125013334141057e-04
    76,  1.4035e+03,  3.1306700784439125e-02, -3.1232388341315642e-02,  7.9125013303276792e-04
    77,  1.4117e+03,  3.1306700784439125e-02, -3.1232388341315642e-02,  7.9125013303276792e-04
    78,  1.4117e+03,  3.1316700784439128e-02, -3.1232388341315642e-02,  7.9126437286518487e-04
    79,  1.4117e+03,  3.1306700784439125e-02, -3.1222388341315643e-02,  7.9126439720509365e-04
    80,  1.4165e+03,  3.1306584195499983e-02, -3.1232459651815644e-02,  7.9125013339156078e-04
    81,  1.4209e+03,  3.1306637813735771e-02, -3.1232414955376826e-02,  7.9125013324621394e-04
    82,  1.4252e+03,  3.1306669299087445e-02, -3.1232401648346234e-02,  7.9125013308825446e-04
    83,  1.4294e+03,  3.1306685041763288e-02, -3.1232394994830937e-02,  7.9125013301015287e-04
    84,  1.4369e+03,  3.1306685041763288e-02, -3.1232394994830937e-02,  7.9125013301015287e-04
    85,  1.4369e+03,  3.1316685041763291e-02, -3.1232394994830937e-02,  7.9126434696616822e-04
    86,  1.4369e+03,  3.1306685041763288e-02, -3.1222394994830937e-02,  7.9126442280960814e-04
    87,  1.4417e+03,  3.1306680119987468e-02, -3.1232401961192337e-02,  7.9125013303290074e-04
    88,  1.4459e+03,  3.1306682580875378e-02, -3.1232398478011639e-02,  7.9125013305380340e-04
    89,  1.4506e+03,  3.1306683811319333e-02, -3.1232396736421288e-02,  7.9125013304130504e-04
    90,  1.4552e+03,  3.1306684426541311e-02, -3.1232395865626112e-02,  7.9125013304258819e-04
    91,  1.4594e+03,  3.1306684734152296e-02, -3.1232395430228523e-02,  7.9125013302029222e-04
    92,  1.4637e+03,  3.1306684887957792e-02, -3.1232395212529730e-02,  7.9125013306224001e-04
    93,  1.4684e+03,  3.1306684964860540e-02, -3.1232395103680335e-02,  7.9125013302673499e-04
    94,  1.4726e+03,  3.1306685003311914e-02, -3.1232395049255634e-02,  7.9125013304983489e-04
    95,  1.4770e+03,  3.1306685022537604e-02, -3.1232395022043287e-02,  7.9125013304658987e-04
    96,  1.4816e+03,  3.1306685032150443e-02, -3.1232395008437112e-02,  7.9125013304780201e-04
