-1.481197570392141616e+00 -1.016041941131546000e+00 5.476958369337041332e-02
-1.482941834593658692e+00 -1.017016071647605990e+00 1.032700792044346783e-01
-1.482304862903071951e+00 -1.015629379671220134e+00 1.513111930706086683e-01
-1.478745427906336118e+00 -1.012156104947924407e+00 1.979167515667548116e-01
-1.471834606385955091e+00 -1.007121118059782328e+00 2.425384715798086510e-01
-1.461397347150074078e+00 -1.001084179391454887e+00 2.851747986999998985e-01
-1.447545266052617130e+00 -9.944089321681985894e-01 3.263105672328787121e-01
-1.430601290345665966e+00 -9.871197811258290988e-01 3.666923034370699885e-01
-1.410959901303206587e+00 -9.789125837615029191e-01 4.070141163879415491e-01
-1.388948205731749486e+00 -9.693185021316099714e-01 4.476245095672784502e-01
-1.364745480670683353e+00 -9.579520903525272635e-01 4.883603726757249075e-01
-1.338387328952544753e+00 -9.447335846069266907e-01 5.285703812234360255e-01
-1.309840270168991516e+00 -9.299796823860143613e-01 5.673208018682572851e-01
-1.279101822381259357e+00 -9.143068787241829254e-01 6.037074539115727667e-01
-1.246273495276170484e+00 -8.983680722592806145e-01 6.371547659609642089e-01
-1.211572551072832349e+00 -8.825164970161536449e-01 6.675840911296019309e-01
-1.175283874912008031e+00 -8.665311327273612640e-01 6.953802155281579855e-01
-1.137688735248142846e+00 -8.495267830878929782e-01 7.211613492548344384e-01
-1.099024918010889973e+00 -8.301116396330064928e-01 7.454356781529312137e-01
-1.059522374000466005e+00 -8.067663255156354296e-01 7.682767000619329378e-01
-1.019522252897372860e+00 -7.783337265139286254e-01 7.891495682207783080e-01
-9.796394541193108596e-01 -7.444603144713985987e-01 8.069689731838685098e-01
-9.408908908016498929e-01 -7.058363004388406026e-01 8.203830162941391224e-01
-9.047028819755618123e-01 -6.641428043940479364e-01 8.281885674347363446e-01
-8.727402843188394321e-01 -6.217083712008890650e-01 8.297260889649193949e-01
-8.465606789977450086e-01 -5.809715415477588740e-01 8.250999753818273330e-01
-8.271686096202273131e-01 -5.439079047549045809e-01 8.151282407069766478e-01
-8.146000409333206127e-01 -5.115884719166762240e-01 8.010243574835603786e-01
-8.076819102287109420e-01 -4.839902123656766308e-01 7.839188313449184653e-01
-8.040752623636553409e-01 -4.600974358505377504e-01 7.643989355799566399e-01
-8.006309818389288901e-01 -4.382444941909257596e-01 7.422525978056639939e-01
-7.939894743082980266e-01 -4.165863200566349844e-01 7.165394352099500042e-01
-7.812733221071745948e-01 -3.935628127227468465e-01 6.859971036747762874e-01
-7.606849737915840626e-01 -3.682476070717762284e-01 6.496636942907706436e-01
-7.318450788868808843e-01 -3.405259817047416870e-01 6.075032362601801017e-01
-6.957851202776160759e-01 -3.111056753524584217e-01 5.607982655656947868e-01
-6.546147204549337406e-01 -2.814046028682929412e-01 5.121342103248296418e-01
-6.109826709679648804e-01 -2.533684413270052560e-01 4.649287992113900203e-01
-5.675069224885009866e-01 -2.292521618281447293e-01 4.226144376766117761e-01
-5.263430807164232172e-01 -2.113696300341554590e-01 3.877096110618734603e-01
-4.889964639198008944e-01 -2.017962536036277121e-01 3.610707208296778381e-01
-4.563842427410623737e-01 -2.020174091422441420e-01 3.415755157565513178e-01
-4.290590594285165205e-01 -2.125518296720869116e-01 3.263628062305982680e-01
-4.074500431592491534e-01 -2.326294461261541047e-01 3.115798150276782863e-01
-3.919825492147362422e-01 -2.600411760107027570e-01 2.934249601269502405e-01
-3.830021447096190190e-01 -2.912774197712051927e-01 2.691749421116338414e-01
-3.805261890178432416e-01 -3.220184521559280033e-01 2.378849798628769330e-01
-3.839387109517936603e-01 -3.479403787946276361e-01 2.005515385058770084e-01
-3.917927856703129486e-01 -3.656835018872767740e-01 1.596959578020609172e-01
-4.018664454790410456e-01 -3.737378062758810460e-01 1.185099635999693479e-01
-4.115354844392588030e-01 -3.729732214552510805e-01 7.984042519193704224e-02
-4.184067616008036450e-01 -3.666028529116571177e-01 4.533659698051907549e-02
-4.210422162762438858e-01 -3.595089602981722532e-01 1.502431601460547592e-02
-4.195406489218934110e-01 -3.570471769291945763e-01 -1.257125980316943503e-02
-4.157593405141446485e-01 -3.636170329230750675e-01 -3.981185904217773158e-02
-4.130517447071662684e-01 -3.813871129124595249e-01 -6.905501608284675408e-02
-4.155432043999106595e-01 -4.095509387116687550e-01 -1.017827407172982312e-01
-4.271165445467592914e-01 -4.443593049653000726e-01 -1.380322197064652590e-01
-4.503824730024137413e-01 -4.799597883664417641e-01 -1.763058207499881569e-01
-4.859292242849103660e-01 -5.098381199807846542e-01 -2.139793871125001690e-01
-5.320725066831614170e-01 -5.284729119852824564e-01 -2.480692372564262116e-01
-5.851824731029032778e-01 -5.327445951691134329e-01 -2.761103323097589546e-01
-6.404951219790125938e-01 -5.227064933412467473e-01 -2.968729566157200517e-01
-6.931757452455926671e-01 -5.015119667833795036e-01 -3.107068110979956388e-01
-7.393362385782401569e-01 -4.745391596270800427e-01 -3.194253400920386010e-01
-7.767357101100678118e-01 -4.479866301449013655e-01 -3.257865058723982132e-01
-8.050030686906989308e-01 -4.273568753182411251e-01 -3.327427668742324318e-01
-8.253727649127516885e-01 -4.162573620242318029e-01 -3.426882775933507430e-01
-8.400693674097784447e-01 -4.158299826090354201e-01 -3.569131043734024011e-01
-8.515669105377353665e-01 -4.249120331608072787e-01 -3.753947456577022557e-01
-8.619591910487466313e-01 -4.408045326701883759e-01 -3.969469849395086403e-01
-8.726100839520007924e-01 -4.603503063436302778e-01 -4.196422930417991748e-01
-8.841372716344123583e-01 -4.809572940067356472e-01 -4.413577272848863142e-01
-8.966620798435992468e-01 -5.012570231708829427e-01 -4.602810621417606773e-01
-9.101746505025889444e-01 -5.212381320200732970e-01 -4.752504249961497784e-01
-9.248435914995514207e-01 -5.418839389084866287e-01 -4.858683486742967905e-01
-9.411441744189920078e-01 -5.645053133383728383e-01 -4.924041326660447138e-01
-9.597671132609425504e-01 -5.900428290514875274e-01 -4.955534603788379622e-01
-9.813646983307784399e-01 -6.185934012620246669e-01 -4.961479717750727492e-01
-1.006256177849764955e+00 -6.493108952340305162e-01 -4.948992977308552255e-01
-1.034226703154209837e+00 -6.806813875928207080e-01 -4.922319045275379001e-01
-1.064512045402937090e+00 -7.110377882911846914e-01 -4.882219790872321941e-01
-1.095983691194948983e+00 -7.391028342444024846e-01 -4.826290765231360802e-01
-1.127467588107210261e+00 -7.643566064817616246e-01 -4.749907778600772623e-01
-1.158076618765437660e+00 -7.871058251501339420e-01 -4.647480941410416233e-01
-1.187431699896030590e+00 -8.082521064618598539e-01 -4.513752526767618178e-01
-1.215689956584547371e+00 -8.288681738774310581e-01 -4.344948011153930145e-01
-1.243372690745407017e+00 -8.497539018128454913e-01 -4.139631227650113487e-01
-1.271061583562633102e+00 -8.711380807265737269e-01 -3.899124074530667672e-01
-1.299079769522809125e+00 -8.926239841666586683e-01 -3.627365828136653869e-01
-1.327277452676847602e+00 -9.133770136879755253e-01 -3.330153224189138506e-01
-1.354999669495703385e+00 -9.324609293593780768e-01 -3.013841282692094614e-01
-1.381243835587904201e+00 -9.491799376238794217e-01 -2.683770348915616166e-01
-1.404944090598236661e+00 -9.632933255482298840e-01 -2.342846781953517032e-01
-1.425274778001887510e+00 -9.750299636099917233e-01 -1.990757201014720923e-01
-1.441862523954570152e+00 -9.849149612649129581e-01 -1.624179615602757143e-01
-1.454834767675422968e+00 -9.934951380355522277e-01 -1.238072138365678837e-01
-1.464696096101750111e+00 -1.001084857444483944e+00 -8.277490198980357039e-02
-1.472087338158675207e+00 -1.007637343338508407e+00 -3.911260284914680474e-02
-1.477522109164989050e+00 -1.012788071039874227e+00 6.963016220713911381e-03
