3.491135723164552340e-01 -1.894336767153323775e+00 -2.328057182724404747e-02
3.478133230482749472e-01 -1.895922946894858852e+00 -7.170049111052004265e-02
3.456161114293534453e-01 -1.894011069864225627e+00 -1.207272325690621623e-01
3.435567762979506168e-01 -1.888092195680128427e+00 -1.710699507559330645e-01
3.424160146579017794e-01 -1.877673020573175977e+00 -2.229432293867978088e-01
3.424838115253350246e-01 -1.862498586635911835e+00 -2.758529417930493111e-01
3.435252483810040669e-01 -1.842686446685486867e+00 -3.286457050312318051e-01
3.449619687349719799e-01 -1.818712500978493019e+00 -3.798060230066108711e-01
3.461941299509185277e-01 -1.791250033407633335e+00 -4.278878729423796767e-01
3.469278324749595632e-01 -1.760925245074166812e+00 -4.719134588416845077e-01
3.473668316775796461e-01 -1.728089743373386167e+00 -5.115831957834331423e-01
3.481789390803594619e-01 -1.692707489005153887e+00 -5.472142945563877037e-01
3.502378933427122143e-01 -1.654410951435068666e+00 -5.794327056598829184e-01
3.542353584741829708e-01 -1.612714894355658402e+00 -6.087428964657323194e-01
3.603171254933162926e-01 -1.567312230418813401e+00 -6.351524997207127488e-01
3.678969566977235428e-01 -1.518340283420989589e+00 -6.580125641177357876e-01
3.757382502172501582e-01 -1.466512638212139175e+00 -6.761537398930608234e-01
3.822902134722829803e-01 -1.413060004657070268e+00 -6.882840836940863349e-01
3.861610404267294405e-01 -1.359495303605222194e+00 -6.935089807194981804e-01
3.865474564889407882e-01 -1.307285961502584026e+00 -6.917788556056714278e-01
3.834455750391159712e-01 -1.257553520824908455e+00 -6.840881578533778429e-01
3.775442988810392420e-01 -1.210911777960987257e+00 -6.723344201853255209e-01
3.698237990655267593e-01 -1.167501926944612745e+00 -6.588680670295880004e-01
3.610031065667707595e-01 -1.127205914059170588e+00 -6.458769006366527066e-01
3.510549843833877248e-01 -1.089946781788056374e+00 -6.348114188442403050e-01
3.390008005393527757e-01 -1.055945617501369282e+00 -6.260448159965814607e-01
3.231093553224649861e-01 -1.025815340929319586e+00 -6.188790303321861641e-01
3.014791699991845597e-01 -1.000429958573931799e+00 -6.118861004793921810e-01
2.728338907739444319e-01 -9.805938179391742171e-01 -6.034575920006344241e-01
2.372605329588713952e-01 -9.666174554033402089e-01 -5.923666679406121016e-01
1.966105110230126907e-01 -9.579538788233599167e-01 -5.781516089308779138e-01
1.543734833392366723e-01 -9.530425070354753281e-01 -5.612028005692252242e-01
1.149983430261887624e-01 -9.494476526506007152e-01 -5.425480750763290727e-01
8.282098901209060393e-02 -9.442840197169460881e-01 -5.234401738049426767e-01
6.090192359538799949e-02 -9.348254538860908402e-01 -5.049139822514480125e-01
5.012749185546099689e-02 -9.191284960580449193e-01 -4.874774998430327910e-01
4.886607786639606682e-02 -8.964916864353591475e-01 -4.710335669374258183e-01
5.331202193553692681e-02 -8.676187627489384546e-01 -4.550283049479348918e-01
5.844511082592473983e-02 -8.344426512895872783e-01 -4.387291132181396769e-01
5.934773230725611665e-02 -7.996672992362285903e-01 -4.214880206566936072e-01
5.251442646750471843e-02 -7.661627751343752513e-01 -4.028640144400389977e-01
3.679279638195547680e-02 -7.363812222862980983e-01 -3.825524864569486705e-01
1.370703109725044874e-02 -7.119396865436873334e-01 -3.601691117599094549e-01
-1.290256108227275621e-02 -6.934518312048575384e-01 -3.350161940640207781e-01
-3.779774277061543480e-02 -6.806091080162749440e-01 -3.059851263555111722e-01
-5.554807952218734218e-02 -6.724420136620755661e-01 -2.717042656866790473e-01
-6.169955687615996665e-02 -6.676557500418774938e-01 -2.309411492676557154e-01
-5.362542502236473940e-02 -6.649396210179868705e-01 -1.831499339577195296e-01
-3.089781118083883421e-02 -6.631873773014146378e-01 -1.289676151254745828e-01
4.832272736876008432e-03 -6.616164149300824970e-01 -7.044540452769008920e-02
5.033007249893888674e-02 -6.598144421865197451e-01 -1.086877736845404639e-02
1.014597624343694382e-01 -6.577568799172078817e-01 4.584710651899814859e-02
1.538664947554932994e-01 -6.558238114586324441e-01 9.604609223422506947e-02
2.035264264989905258e-01 -6.548124309272931320e-01 1.372455639465425259e-01
2.471155264758942982e-01 -6.559089364649972609e-01 1.687837277792786084e-01
2.822193955178114999e-01 -6.605718162487220768e-01 1.919734387181882829e-01
3.074408730794190858e-01 -6.702967238513692916e-01 2.096872767191735598e-01
3.224531940278859143e-01 -6.862778908647438891e-01 2.254841931446397718e-01
3.280075604700991576e-01 -7.090353052109666931e-01 2.425442636383630945e-01
3.258616624022096508e-01 -7.381169640000856402e-01 2.627488318291687497e-01
3.185766959293838685e-01 -7.719906181056046535e-01 2.862011487671182741e-01
3.091497206179923962e-01 -8.082008465159237209e-01 3.113393137477430961e-01
3.005019997106883056e-01 -8.437931259805330209e-01 3.355966316873650879e-01
2.949110280832872855e-01 -8.759199769150357584e-01 3.563816848697503592e-01
2.935242910336067768e-01 -9.024757040502384697e-01 3.720446252749844418e-01
2.961003939919475969e-01 -9.225822287465678118e-01 3.825040512604377385e-01
3.010774613691095114e-01 -9.367813144993316632e-01 3.893273612465832367e-01
3.059799527114042128e-01 -9.468707054237710530e-01 3.952451291216385054e-01
3.080717372095059803e-01 -9.554278878283362086e-01 4.032714839655454631e-01
3.050817751678825962e-01 -9.651603131312717077e-01 4.157317638833997742e-01
2.957996460694383711e-01 -9.782726292501986443e-01 4.335225399267996216e-01
2.803742667460556448e-01 -9.960317302186795230e-01 4.558417071009740473e-01
2.602400864620821319e-01 -1.018642271004496003e+00 4.804608446184826520e-01
2.377104911415416355e-01 -1.045441993739165465e+00 5.044279563882203554e-01
2.153786269851700741e-01 -1.075323222774743126e+00 5.249502199643385492e-01
1.955171471843857312e-01 -1.107219278845117172e+00 5.401595700601733441e-01
1.796540403974227484e-01 -1.140484590222888839e+00 5.495210041337366125e-01
1.684289291659716858e-01 -1.175046578929350050e+00 5.537795575041332130e-01
1.617309836851027471e-01 -1.211296671440571959e+00 5.545052927813609589e-01
1.590239537501334233e-01 -1.249784025604282478e+00 5.534274888411636617e-01
1.597097131518539492e-01 -1.290844191644361594e+00 5.518048464732008274e-01
1.633864533166263233e-01 -1.334312275969326667e+00 5.500430293291538320e-01
1.699159575905167530e-01 -1.379431851329664838e+00 5.476630620309453912e-01
1.793009871986808168e-01 -1.424992858984497790e+00 5.435880763517734193e-01
1.914537106437251557e-01 -1.469644129544325661e+00 5.366034564151913600e-01
2.059782513215862587e-01 -1.512261615478923016e+00 5.257965654653274923e-01
2.220795968791283992e-01 -1.552235208227473962e+00 5.108107332998560457e-01
2.386534653757730606e-01 -1.589570495958880780e+00 4.918377622766012536e-01
2.545319021376566959e-01 -1.624773005604673637e+00 4.693851671149852356e-01
2.687904475182827380e-01 -1.658563688376871514e+00 4.439434597967993334e-01
2.809929025957079718e-01 -1.691534992922165470e+00 4.157110221485161294e-01
2.912712371630334918e-01 -1.723874757234426180e+00 3.844994860563024641e-01
3.002024537322808828e-01 -1.755254946750519185e+00 3.498581001371793842e-01
3.085253809032362793e-01 -1.784916867401433294e+00 3.113577172589559461e-01
3.168056365800915319e-01 -1.811909732712297272e+00 2.689045417597534238e-01
3.251797840306908105e-01 -1.835384019157541458e+00 2.229393336162316663e-01
3.332802722661202810e-01 -1.854825383029881980e+00 1.744247689829360459e-01
3.403722392983583589e-01 -1.870143702058259638e+00 1.246123682207949113e-01
3.456493725175964205e-01 -1.881592478561699311e+00 7.467418621339991236e-02
3.485721370278198061e-01 -1.889561827685540596e+00 2.534465138247329538e-02
