-9.998747051580267886e-01 1.580025568280231330e+00 -5.481184753688717048e-02
-9.995587391298575985e-01 1.581637078590788725e+00 -1.034853459544828186e-01
-9.975198787911552234e-01 1.581376433888032285e+00 -1.526985027629211011e-01
-9.933844231645608813e-01 1.580206385081076359e+00 -2.020554810712991978e-01
-9.867284860341635211e-01 1.578198744283971777e+00 -2.512148683585511133e-01
-9.772761429624489127e-01 1.574495874163409637e+00 -2.999916365202581203e-01
-9.650495646263886895e-01 1.567670550518439176e+00 -3.483821509868414990e-01
-9.504139547557438616e-01 1.556329135169618905e+00 -3.964937962791532655e-01
-9.340053434111008634e-01 1.539700883235476159e+00 -4.444046746274692983e-01
-9.165763471821564146e-01 1.517959543639867848e+00 -4.920122757862641083e-01
-8.988242121922052075e-01 1.492131937131018660e+00 -5.389383601685633352e-01
-8.812657179443248445e-01 1.463619398908385216e+00 -5.845363906449876357e-01
-8.641967086443905766e-01 1.433523556496408169e+00 -6.280058202146855395e-01
-8.477336399850994297e-01 1.402060557149517050e+00 -6.685715837484369484e-01
-8.318994213911558022e-01 1.368327872662549405e+00 -7.056565671245185190e-01
-8.167016633878093623e-01 1.330559279558695351e+00 -7.389731956035945348e-01
-8.021637169261587319e-01 1.286813653058710205e+00 -7.684897253587179566e-01
-7.883005557982815104e-01 1.235864435477880718e+00 -7.942768583904824542e-01
-7.750662277687530022e-01 1.177959449248391133e+00 -8.162916772947785837e-01
-7.623191518999296035e-01 1.115146028221877916e+00 -8.341879811458839944e-01
-7.498446743364017841e-01 1.050999276251710191e+00 -8.472409893818918514e-01
-7.374423601830298880e-01 9.898017547415179918e-01 -8.544385283617288440e-01
-7.250427540941160043e-01 9.354243626461987704e-01 -8.547320187892921695e-01
-7.127862538449302177e-01 8.902756120247354854e-01 -8.473798189988420715e-01
-7.009944676881478820e-01 8.546748100191609021e-01 -8.322751894074377210e-01
-6.899994483831568548e-01 8.268657973881331502e-01 -8.101468523925039467e-01
-6.798592678732765515e-01 8.036705584542714886e-01 -7.825545789429554366e-01
-6.700554285796421761e-01 7.815638328926659550e-01 -7.516642849340051669e-01
-6.593083429688972874e-01 7.578087931361248142e-01 -7.198557288394820119e-01
-6.456375406533998440e-01 7.312795563404759225e-01 -6.892677830949213158e-01
-6.267268903791962664e-01 7.027121165167491412e-01 -6.614042348709165964e-01
-6.005482790547814753e-01 6.743275449489990470e-01 -6.369020885915434027e-01
-5.660855257979541255e-01 6.489860658926142056e-01 -6.155128463893431157e-01
-5.239270469671239994e-01 6.291813218538491181e-01 -5.962836762788562561e-01
-4.764955686075256214e-01 6.162197940649550842e-01 -5.778711459931186178e-01
-4.277674945673989315e-01 6.098435265888534351e-01 -5.588919043872873083e-01
-3.824845694075357794e-01 6.083825584333470982e-01 -5.382185643389476581e-01
-3.450308156049900488e-01 6.093337920793661100e-01 -5.151595739666907647e-01
-3.182804504876920459e-01 6.101257305892051619e-01 -4.895049356478821667e-01
-3.027671600317822787e-01 6.087906264190799943e-01 -4.614586714907742970e-01
-2.964576735539643515e-01 6.043339510342787824e-01 -4.315015179536081380e-01
-2.952461304083009441e-01 5.967314552059885813e-01 -4.002295730085252412e-01
-2.940685867819135546e-01 5.866361058527653771e-01 -3.682016616334233827e-01
-2.883381383954134458e-01 5.749792219275471350e-01 -3.358108213380541218e-01
-2.752873478153296527e-01 5.626638858717657454e-01 -3.031843288640638789e-01
-2.548174359097429287e-01 5.504739509770482098e-01 -2.701175248620145686e-01
-2.295937829802978114e-01 5.391956827217145864e-01 -2.360567660396441780e-01
-2.043529341178401404e-01 5.298294863252384079e-01 -2.001568329674114077e-01
-1.846261462827450128e-01 5.237111709205009014e-01 -1.614367320112605475e-01
-1.752610555161335237e-01 5.223941046529801957e-01 -1.190378681803185568e-01
-1.791787867858699868e-01 5.272547363260041697e-01 -7.255174496035039777e-02
-1.967209764722603060e-01 5.389281318318800418e-01 -2.234233012303658839e-02
-2.257479142168895836e-01 5.567940972729286120e-01 3.024091496838281906e-02
-2.624100494363508784e-01 5.787637198954452833e-01 8.286221146428372764e-02
-3.023096524093986104e-01 6.015385561640732570e-01 1.324735231863894414e-01
-3.416641753984518970e-01 6.213513758277003918e-01 1.758522716466663360e-01
-3.781094805460567532e-01 6.350068131368938884e-01 2.103037571255990112e-01
-4.109259252275113128e-01 6.408969435659878089e-01 2.343568666539053713e-01
-4.406798629006829504e-01 6.396323175700040498e-01 2.482528596983876179e-01
-4.684734138501894241e-01 6.340269254429747869e-01 2.540589135225570505e-01
-4.951178846380564491e-01 6.283799437632108242e-01 2.553284987864440359e-01
-5.205516391890385730e-01 6.272395054712615048e-01 2.563567044407107365e-01
-5.437143614701603900e-01 6.340271168095592547e-01 2.612027833216872819e-01
-5.629093465702769139e-01 6.499720445870569296e-01 2.727339415500657505e-01
-5.765004337430611470e-01 6.737209137302662132e-01 2.919540587037994794e-01
-5.836668299804744775e-01 7.017720059198347959e-01 3.178106778854604686e-01
-5.849198897408162123e-01 7.296081797492773857e-01 3.475411386779754808e-01
-5.821751143353344204e-01 7.531627394319222457e-01 3.774632098956506865e-01
-5.783356044277959684e-01 7.701344381864034805e-01 4.039851345561081830e-01
-5.765198735186247703e-01 7.807149964156865352e-01 4.245461202195917050e-01
-5.791938614925788986e-01 7.874906848223772737e-01 4.382219295451996177e-01
-5.875000479801438802e-01 7.945604116422948504e-01 4.458343990603902962e-01
-6.010061369332839742e-01 8.061782175498954928e-01 4.495555371653561227e-01
-6.179492023321226934e-01 8.253851662538150835e-01 4.521481478632148887e-01
-6.358819274692569801e-01 8.530899383948916670e-01 4.560880990781753241e-01
-6.524954472814397111e-01 8.878926569278557945e-01 4.628370427419934985e-01
-6.663430309230580217e-01 9.266827520717416666e-01 4.724735845915095656e-01
-6.772347288547698740e-01 9.657736532700100796e-01 4.837680879641329534e-01
-6.861951423728985811e-01 1.002159532743342130e+00 4.946433822764841892e-01
-6.950288032275274697e-01 1.034452993230817741e+00 5.028475001768197838e-01
-7.056659572576664541e-01 1.063192890172252048e+00 5.066112726181059012e-01
-7.195226971044693665e-01 1.090447451167756876e+00 5.050868498922277405e-01
-7.370862110014706481e-01 1.118891747140935866e+00 4.984506408395047439e-01
-7.578419547831861669e-01 1.150718467119857369e+00 4.876727618660675057e-01
-7.805325666523243999e-01 1.186784337790357080e+00 4.740633895931138930e-01
-8.036253859515942732e-01 1.226290405017887997e+00 4.587690311922845710e-01
-8.258054012842714897e-01 1.267085976017430227e+00 4.423911151610412373e-01
-8.463205378069130758e-01 1.306453425583894212e+00 4.248407137870423012e-01
-8.650770549943027632e-01 1.342060757326008824e+00 4.054514434407434087e-01
-8.824837380674829257e-01 1.372721404859331917e+00 3.832820955680035224e-01
-8.991351345634220893e-01 1.398689260879363960e+00 3.574826769303916518e-01
-9.154733918787230085e-01 1.421403233670779365e+00 3.275896599588257185e-01
-9.315606348254092950e-01 1.442806279105308231e+00 2.936565648483057678e-01
-9.470371028215386344e-01 1.464518619031479174e+00 2.561955670764804460e-01
-9.612602199809016090e-01 1.487187213646376627e+00 2.159766729936970220e-01
-9.735490899398188125e-01 1.510251429165742731e+00 1.737770335243432329e-01
-9.834242104669341789e-01 1.532193976370879618e+00 1.301794596761451095e-01
-9.907441864819551691e-01 1.551155240261127943e+00 8.548750311645299249e-02
-9.956915602042523128e-01 1.565652478832522565e+00 3.977030629753791624e-02
-9.986257183812322635e-01 1.575114420860899367e+00 -7.003067363282921946e-03
