1.481197570392141394e+00 1.016041941131546222e+00 5.476958369337041332e-02
1.482941834593658470e+00 1.017016071647606212e+00 1.032700792044346783e-01
1.482304862903071729e+00 1.015629379671220356e+00 1.513111930706086683e-01
1.478745427906335896e+00 1.012156104947924629e+00 1.979167515667548116e-01
1.471834606385954869e+00 1.007121118059782550e+00 2.425384715798086510e-01
1.461397347150073855e+00 1.001084179391455109e+00 2.851747986999998985e-01
1.447545266052616908e+00 9.944089321681988114e-01 3.263105672328787121e-01
1.430601290345665744e+00 9.871197811258293209e-01 3.666923034370699885e-01
1.410959901303206365e+00 9.789125837615031411e-01 4.070141163879415491e-01
1.388948205731749264e+00 9.693185021316101935e-01 4.476245095672784502e-01
1.364745480670683131e+00 9.579520903525274855e-01 4.883603726757249075e-01
1.338387328952544530e+00 9.447335846069268017e-01 5.285703812234360255e-01
1.309840270168991294e+00 9.299796823860144723e-01 5.673208018682572851e-01
1.279101822381259135e+00 9.143068787241830364e-01 6.037074539115727667e-01
1.246273495276170484e+00 8.983680722592807255e-01 6.371547659609642089e-01
1.211572551072832349e+00 8.825164970161537559e-01 6.675840911296019309e-01
1.175283874912008031e+00 8.665311327273613751e-01 6.953802155281579855e-01
1.137688735248142846e+00 8.495267830878930893e-01 7.211613492548344384e-01
1.099024918010889973e+00 8.301116396330066038e-01 7.454356781529312137e-01
1.059522374000466005e+00 8.067663255156355406e-01 7.682767000619329378e-01
1.019522252897372860e+00 7.783337265139287364e-01 7.891495682207783080e-01
9.796394541193107486e-01 7.444603144713987097e-01 8.069689731838685098e-01
9.408908908016497818e-01 7.058363004388407136e-01 8.203830162941391224e-01
9.047028819755617013e-01 6.641428043940480475e-01 8.281885674347363446e-01
8.727402843188393211e-01 6.217083712008891760e-01 8.297260889649193949e-01
8.465606789977448976e-01 5.809715415477589850e-01 8.250999753818273330e-01
8.271686096202272021e-01 5.439079047549046919e-01 8.151282407069766478e-01
8.146000409333205017e-01 5.115884719166763350e-01 8.010243574835603786e-01
8.076819102287108310e-01 4.839902123656767419e-01 7.839188313449184653e-01
8.040752623636552299e-01 4.600974358505378614e-01 7.643989355799566399e-01
8.006309818389288901e-01 4.382444941909258707e-01 7.422525978056639939e-01
7.939894743082980266e-01 4.165863200566350955e-01 7.165394352099500042e-01
7.812733221071745948e-01 3.935628127227469575e-01 6.859971036747762874e-01
7.606849737915840626e-01 3.682476070717763394e-01 6.496636942907706436e-01
7.318450788868808843e-01 3.405259817047417981e-01 6.075032362601801017e-01
6.957851202776160759e-01 3.111056753524585328e-01 5.607982655656947868e-01
6.546147204549337406e-01 2.814046028682929967e-01 5.121342103248296418e-01
6.109826709679648804e-01 2.533684413270053115e-01 4.649287992113900203e-01
5.675069224885009866e-01 2.292521618281448126e-01 4.226144376766117761e-01
5.263430807164232172e-01 2.113696300341555145e-01 3.877096110618734603e-01
4.889964639198008944e-01 2.017962536036277676e-01 3.610707208296778381e-01
4.563842427410623737e-01 2.020174091422441975e-01 3.415755157565513178e-01
4.290590594285165205e-01 2.125518296720869671e-01 3.263628062305982680e-01
4.074500431592490979e-01 2.326294461261541602e-01 3.115798150276782863e-01
3.919825492147361867e-01 2.600411760107028125e-01 2.934249601269502405e-01
3.830021447096189635e-01 2.912774197712052482e-01 2.691749421116338414e-01
3.805261890178431861e-01 3.220184521559280588e-01 2.378849798628769330e-01
3.839387109517936048e-01 3.479403787946276916e-01 2.005515385058770084e-01
3.917927856703128930e-01 3.656835018872768295e-01 1.596959578020609172e-01
4.018664454790409901e-01 3.737378062758811015e-01 1.185099635999693479e-01
4.115354844392587474e-01 3.729732214552511360e-01 7.984042519193704224e-02
4.184067616008035895e-01 3.666028529116571733e-01 4.533659698051907549e-02
4.210422162762438303e-01 3.595089602981723087e-01 1.502431601460547592e-02
4.195406489218933554e-01 3.570471769291946318e-01 -1.257125980316943503e-02
4.157593405141445930e-01 3.636170329230751230e-01 -3.981185904217773158e-02
4.130517447071662129e-01 3.813871129124595805e-01 -6.905501608284675408e-02
4.155432043999106040e-01 4.095509387116688105e-01 -1.017827407172982312e-01
4.271165445467592359e-01 4.443593049653001281e-01 -1.380322197064652590e-01
4.503824730024136858e-01 4.799597883664418196e-01 -1.763058207499881569e-01
4.859292242849103105e-01 5.098381199807847652e-01 -2.139793871125001690e-01
5.320725066831613059e-01 5.284729119852825674e-01 -2.480692372564262116e-01
5.851824731029031668e-01 5.327445951691135440e-01 -2.761103323097589546e-01
6.404951219790124828e-01 5.227064933412468584e-01 -2.968729566157200517e-01
6.931757452455925561e-01 5.015119667833796147e-01 -3.107068110979956388e-01
7.393362385782400459e-01 4.745391596270801537e-01 -3.194253400920386010e-01
7.767357101100678118e-01 4.479866301449014765e-01 -3.257865058723982132e-01
8.050030686906989308e-01 4.273568753182412361e-01 -3.327427668742324318e-01
8.253727649127516885e-01 4.162573620242319139e-01 -3.426882775933507430e-01
8.400693674097784447e-01 4.158299826090355311e-01 -3.569131043734024011e-01
8.515669105377353665e-01 4.249120331608073897e-01 -3.753947456577022557e-01
8.619591910487466313e-01 4.408045326701884870e-01 -3.969469849395086403e-01
8.726100839520006813e-01 4.603503063436303888e-01 -4.196422930417991748e-01
8.841372716344122473e-01 4.809572940067357583e-01 -4.413577272848863142e-01
8.966620798435991357e-01 5.012570231708830537e-01 -4.602810621417606773e-01
9.101746505025888334e-01 5.212381320200734081e-01 -4.752504249961497784e-01
9.248435914995513096e-01 5.418839389084867397e-01 -4.858683486742967905e-01
9.411441744189918968e-01 5.645053133383729493e-01 -4.924041326660447138e-01
9.597671132609424394e-01 5.900428290514876384e-01 -4.955534603788379622e-01
9.813646983307783289e-01 6.185934012620247779e-01 -4.961479717750727492e-01
1.006256177849764955e+00 6.493108952340306272e-01 -4.948992977308552255e-01
1.034226703154209837e+00 6.806813875928208191e-01 -4.922319045275379001e-01
1.064512045402937090e+00 7.110377882911848024e-01 -4.882219790872321941e-01
1.095983691194948983e+00 7.391028342444025956e-01 -4.826290765231360802e-01
1.127467588107210261e+00 7.643566064817617356e-01 -4.749907778600772623e-01
1.158076618765437660e+00 7.871058251501340530e-01 -4.647480941410416233e-01
1.187431699896030590e+00 8.082521064618599649e-01 -4.513752526767618178e-01
1.215689956584547371e+00 8.288681738774311691e-01 -4.344948011153930145e-01
1.243372690745407017e+00 8.497539018128456023e-01 -4.139631227650113487e-01
1.271061583562633102e+00 8.711380807265738380e-01 -3.899124074530667672e-01
1.299079769522809125e+00 8.926239841666587793e-01 -3.627365828136653869e-01
1.327277452676847380e+00 9.133770136879756363e-01 -3.330153224189138506e-01
1.354999669495703163e+00 9.324609293593781878e-01 -3.013841282692094614e-01
1.381243835587903979e+00 9.491799376238796437e-01 -2.683770348915616166e-01
1.404944090598236439e+00 9.632933255482301060e-01 -2.342846781953517032e-01
1.425274778001887288e+00 9.750299636099919454e-01 -1.990757201014720923e-01
1.441862523954569930e+00 9.849149612649131802e-01 -1.624179615602757143e-01
1.454834767675422746e+00 9.934951380355524497e-01 -1.238072138365678837e-01
1.464696096101749889e+00 1.001084857444484166e+00 -8.277490198980357039e-02
1.472087338158674985e+00 1.007637343338508629e+00 -3.911260284914680474e-02
1.477522109164988828e+00 1.012788071039874449e+00 6.963016220713911381e-03
