Recorder type:
least_squares
N_parameters:
2
function_evaluation,seconds,x(1),x(2),objective_function
     1,  2.4800e+00,  1.0000000000000001e-01,  0.0000000000000000e+00,  1.6830981146449503e+01
     2,  1.0560e+01,  1.0000000000000001e-01,  0.0000000000000000e+00,  1.6830917868467598e+01
     3,  1.0560e+01,  1.0001000000000000e-01,  0.0000000000000000e+00,  1.6830984528963747e+01
     4,  1.0560e+01,  1.0000000000000001e-01,  1.0000000000000001e-05,  1.6827014749738613e+01
     5,  1.2720e+01,  9.8818988982816533e-02,  1.3003532627277948e-02,  1.2110420323089718e+01
     6,  2.2260e+01,  9.8818988982816533e-02,  1.3003532627277948e-02,  1.2110284889565476e+01
     7,  2.2260e+01,  9.8828988982816529e-02,  1.3003532627277948e-02,  1.2111327119362731e+01
     8,  2.2260e+01,  9.8818988982816533e-02,  1.3013532627277948e-02,  1.2108401263812938e+01
     9,  2.4360e+01,  2.7992136568091269e-02,  3.7091650831122494e-02,  1.2831317306114569e+01
    10,  2.8980e+01,  6.3405562775453894e-02,  2.5047591729200222e-02,  1.0991085838199796e+01
    11,  3.9590e+01,  6.3405562775453894e-02,  2.5047591729200222e-02,  1.0989854770505087e+01
    12,  3.9590e+01,  6.3415562775453890e-02,  2.5047591729200222e-02,  1.0993292015146057e+01
    13,  3.9590e+01,  6.3405562775453894e-02,  2.5057591729200222e-02,  1.0992014223806034e+01
    14,  4.1680e+01,  5.5384318679551313e-02,  1.9768783042340456e-02,  1.2647862028859310e+01
    15,  4.3580e+01,  5.9394940727502600e-02,  2.2408187385770339e-02,  1.1837137253566112e+01
    16,  4.5510e+01,  6.1400251751478251e-02,  2.3727889557485282e-02,  1.1417321173881550e+01
    17,  4.7440e+01,  6.2402907263466069e-02,  2.4387740643342752e-02,  1.1204271780789696e+01
    18,  4.9330e+01,  6.2904235019459978e-02,  2.4717666186271487e-02,  1.1097043464797222e+01
    19,  5.1240e+01,  6.3154898897456943e-02,  2.4882628957735853e-02,  1.1043252701300531e+01
    20,  5.3130e+01,  6.3280230836455412e-02,  2.4965110343468037e-02,  1.1016318713881326e+01
    21,  5.5050e+01,  6.3342896805954660e-02,  2.5006351036334130e-02,  1.1002845293585704e+01
    22,  5.6940e+01,  6.3374229790704270e-02,  2.5026971382767178e-02,  1.0996107026062726e+01
    23,  5.8820e+01,  6.3389896283079089e-02,  2.5037281555983698e-02,  1.0992737394888765e+01
    24,  6.0700e+01,  6.3397729529266492e-02,  2.5042436642591960e-02,  1.0991052459174186e+01
    25,  7.0500e+01,  6.3397729529266492e-02,  2.5042436642591960e-02,  1.0991054246890373e+01
    26,  7.0500e+01,  6.3407729529266488e-02,  2.5042436642591960e-02,  1.0991331551904706e+01
    27,  7.0500e+01,  6.3397729529266492e-02,  2.5052436642591960e-02,  1.0990055147030626e+01
    28,  7.2590e+01,  6.3396510806672912e-02,  2.5047036247016045e-02,  1.0990199579604930e+01
    29,  8.2270e+01,  6.3396510806672912e-02,  2.5047036247016045e-02,  1.0990199917307883e+01
    30,  8.2270e+01,  6.3406510806672908e-02,  2.5047036247016045e-02,  1.0989671847269793e+01
    31,  8.2270e+01,  6.3396510806672912e-02,  2.5057036247016044e-02,  1.0988395973275612e+01
    32,  8.4410e+01,  6.3400352143863567e-02,  2.5060782264844702e-02,  1.0987050502601065e+01
    33,  9.4020e+01,  6.3400352143863567e-02,  2.5060782264844702e-02,  1.0987051626244265e+01
    34,  9.4020e+01,  6.3410352143863563e-02,  2.5060782264844702e-02,  1.0986323926909881e+01
    35,  9.4020e+01,  6.3400352143863567e-02,  2.5070782264844702e-02,  1.0985048771838802e+01
    36,  9.6110e+01,  6.3414371853618381e-02,  2.5101202557694414e-02,  1.0977575085061133e+01
    37,  1.0572e+02,  6.3414371853618381e-02,  2.5101202557694414e-02,  1.0977578581802792e+01
    38,  1.0572e+02,  6.3424371853618378e-02,  2.5101202557694414e-02,  1.0976797561476310e+01
    39,  1.0572e+02,  6.3414371853618381e-02,  2.5111202557694414e-02,  1.0975523857374267e+01
    40,  1.0784e+02,  6.3458142420135075e-02,  2.5221827316280941e-02,  1.0949146357689029e+01
    41,  1.1813e+02,  6.3458142420135075e-02,  2.5221827316280941e-02,  1.0949158304195052e+01
    42,  1.1813e+02,  6.3468142420135071e-02,  2.5221827316280941e-02,  1.0948352688983789e+01
    43,  1.1813e+02,  6.3458142420135075e-02,  2.5231827316280941e-02,  1.0947083208831044e+01
    44,  1.2025e+02,  6.3591909914349487e-02,  2.5582758189575439e-02,  1.0863905165862537e+01
    45,  1.3029e+02,  6.3591909914349487e-02,  2.5582758189575439e-02,  1.0863933596297734e+01
    46,  1.3029e+02,  6.3601909914349483e-02,  2.5582758189575439e-02,  1.0863097395353895e+01
    47,  1.3029e+02,  6.3591909914349487e-02,  2.5592758189575439e-02,  1.0861840642686264e+01
    48,  1.3243e+02,  6.4003368370830857e-02,  2.6661550785547005e-02,  1.0608553952102932e+01
    49,  1.4170e+02,  6.4003368370830857e-02,  2.6661550785547005e-02,  1.0608585572146991e+01
    50,  1.4170e+02,  6.4013368370830853e-02,  2.6661550785547005e-02,  1.0607718207281826e+01
    51,  1.4170e+02,  6.4003368370830857e-02,  2.6671550785547005e-02,  1.0606498004581152e+01
    52,  1.4383e+02,  6.5280190321557990e-02,  2.9880632522913186e-02,  9.8456745000236960e+00
    53,  1.5338e+02,  6.5280190321557990e-02,  2.9880632522913186e-02,  9.8457343801111818e+00
    54,  1.5338e+02,  6.5290190321557987e-02,  2.9880632522913186e-02,  9.8447751961362542e+00
    55,  1.5338e+02,  6.5280190321557990e-02,  2.9890632522913185e-02,  9.8436605435825033e+00
    56,  1.5562e+02,  6.9473833820332259e-02,  3.9378516970525683e-02,  7.6019212374196661e+00
    57,  1.6553e+02,  6.9473833820332259e-02,  3.9378516970525683e-02,  7.6022167106994845e+00
    58,  1.6553e+02,  6.9483833820332255e-02,  3.9378516970525683e-02,  7.6008912919681473e+00
    59,  1.6553e+02,  6.9473833820332259e-02,  3.9388516970525686e-02,  7.6000587082732505e+00
    60,  1.6827e+02,  8.5193820622630090e-02,  6.6189541574309410e-02,  1.9423897299467696e+00
    61,  1.7893e+02,  8.5193820622630090e-02,  6.6189541574309410e-02,  1.9423592505085967e+00
    62,  1.7893e+02,  8.5203820622630086e-02,  6.6189541574309410e-02,  1.9415606555356051e+00
    63,  1.7893e+02,  8.5193820622630090e-02,  6.6199541574309406e-02,  1.9412977636714430e+00
    64,  1.8159e+02,  3.1787633080429964e-02,  1.4242265826240968e-01,  4.0799169586602879e+00
    65,  1.8478e+02,  7.2962152801404459e-02,  1.1138989868050680e-01,  1.1415393768484872e-01
    66,  1.9421e+02,  7.2962152801404459e-02,  1.1138989868050680e-01,  1.1416004560798046e-01
    67,  1.9421e+02,  7.2972152801404455e-02,  1.1138989868050680e-01,  1.1367645380772318e-01
    68,  1.9421e+02,  7.2962152801404459e-02,  1.1139989868050680e-01,  1.1378908239375349e-01
    69,  1.9707e+02,  1.3693031765793598e-01,  3.2695286731734483e-02,  4.0798940371378265e+00
    70,  1.9946e+02,  1.0575297910778172e-01,  7.3178615087700460e-02,  2.2911669050122824e-01
    71,  2.0178e+02,  9.0130053117429970e-02,  9.3464761120689424e-02,  4.7620273571748709e-02
    72,  2.1251e+02,  9.0130053117429970e-02,  9.3464761120689424e-02,  4.7617693162170169e-02
    73,  2.1251e+02,  9.0140053117429966e-02,  9.3464761120689424e-02,  4.7525352771618984e-02
    74,  2.1251e+02,  9.0130053117429970e-02,  9.3474761120689420e-02,  4.7530229897293774e-02
    75,  2.1515e+02,  1.4278868375312123e-01,  4.1609567461704876e-02,  1.8676957118474375e+00
    76,  2.1744e+02,  1.1711236051654722e-01,  6.8694923206506817e-02,  1.4106506466793428e-01
    77,  2.1976e+02,  1.0423085110090270e-01,  8.2283327661384714e-02,  3.6501505436478648e-02
    78,  2.2949e+02,  1.0423085110090270e-01,  8.2283327661384714e-02,  3.6498797910003711e-02
    79,  2.2949e+02,  1.0424085110090270e-01,  8.2283327661384714e-02,  3.6458016707707312e-02
    80,  2.2949e+02,  1.0423085110090270e-01,  8.2293327661384710e-02,  3.6442467173235793e-02
    81,  2.3201e+02,  9.0443663361868293e-02,  9.4105793882059016e-02,  3.9323616065003432e-02
    82,  2.3435e+02,  9.7641452245910004e-02,  8.8753103813695833e-02,  3.1974720700629525e-02
    83,  2.4227e+02,  9.7641452245910004e-02,  8.8753103813695833e-02,  3.1974570586111681e-02
    84,  2.4227e+02,  9.7651452245910000e-02,  8.8753103813695833e-02,  3.1958830728311433e-02
    85,  2.4227e+02,  9.7641452245910004e-02,  8.8763103813695829e-02,  3.1956416364468908e-02
    86,  2.4490e+02,  7.7451938408746854e-02,  1.0741690141218731e-01,  6.8622773582201660e-02
    87,  2.4725e+02,  8.7639368948930332e-02,  9.8251763811964835e-02,  3.3760028131971695e-02
    88,  2.4955e+02,  9.2735582543278697e-02,  9.3666947390582303e-02,  3.1496515489056430e-02
    89,  2.5985e+02,  9.2735582543278697e-02,  9.3666947390582303e-02,  3.1495836044240520e-02
    90,  2.5985e+02,  9.2745582543278693e-02,  9.3666947390582303e-02,  3.1486031470293524e-02
    91,  2.5985e+02,  9.2735582543278697e-02,  9.3676947390582299e-02,  3.1486116338886705e-02
    92,  2.6248e+02,  8.7971828769827093e-02,  9.8811154020397002e-02,  3.1602152326422106e-02
    93,  2.6479e+02,  9.0413137122347290e-02,  9.6329110711336402e-02,  3.1375174452983996e-02
    94,  2.7268e+02,  9.0413137122347290e-02,  9.6329110711336402e-02,  3.1375057952814610e-02
    95,  2.7268e+02,  9.0423137122347286e-02,  9.6329110711336402e-02,  3.1372462066333998e-02
    96,  2.7268e+02,  9.0413137122347290e-02,  9.6339110711336398e-02,  3.1372841295123396e-02
    97,  2.7522e+02,  9.2823827132155229e-02,  9.3802672755956260e-02,  3.1357810445320371e-02
    98,  2.8382e+02,  9.2823827132155229e-02,  9.3802672755956260e-02,  3.1357603261490771e-02
    99,  2.8382e+02,  9.2833827132155225e-02,  9.3802672755956260e-02,  3.1355523525704955e-02
   100,  2.8382e+02,  9.2823827132155229e-02,  9.3812672755956256e-02,  3.1355489630326805e-02
   101,  2.8639e+02,  9.0414724202643348e-02,  9.6331661906779248e-02,  3.1374009424323022e-02
   102,  2.8876e+02,  9.1633857692828377e-02,  9.5090235881345936e-02,  3.1348884074754092e-02
   103,  2.9921e+02,  9.1633857692828377e-02,  9.5090235881345936e-02,  3.1348894643824898e-02
   104,  2.9921e+02,  9.1643857692828373e-02,  9.5090235881345936e-02,  3.1348448357610671e-02
   105,  2.9921e+02,  9.1633857692828377e-02,  9.5100235881345932e-02,  3.1348527441093184e-02
   106,  3.0177e+02,  9.2845408551446920e-02,  9.3837066673997618e-02,  3.1349024590694614e-02
   107,  3.0412e+02,  9.2242823721432415e-02,  9.4468887755218320e-02,  3.1346355873262385e-02
   108,  3.1450e+02,  9.2242823721432415e-02,  9.4468887755218320e-02,  3.1346363035606076e-02
   109,  3.1450e+02,  9.2252823721432411e-02,  9.4468887755218320e-02,  3.1346396228383006e-02
   110,  3.1450e+02,  9.2242823721432415e-02,  9.4478887755218316e-02,  3.1346389293770940e-02
   111,  3.1708e+02,  9.1638327422392890e-02,  9.5097551778869041e-02,  3.1348486015978047e-02
   112,  3.1947e+02,  9.1941359926359947e-02,  9.4784487194589803e-02,  3.1346861389019820e-02
   113,  3.2181e+02,  9.2092880931441287e-02,  9.4627949991998112e-02,  3.1346463753258252e-02
   114,  3.2408e+02,  9.2168650942787728e-02,  9.4549671567101534e-02,  3.1346366198775004e-02
   115,  3.2641e+02,  9.2206554986984365e-02,  9.4510512685847620e-02,  3.1346342567659578e-02
   116,  3.3665e+02,  9.2206554986984365e-02,  9.4510512685847620e-02,  3.1346343067731187e-02
   117,  3.3665e+02,  9.2216554986984361e-02,  9.4510512685847620e-02,  3.1346515359088632e-02
   118,  3.3665e+02,  9.2206554986984365e-02,  9.4520512685847616e-02,  3.1346508044328598e-02
   119,  3.3923e+02,  9.2244374063938719e-02,  9.4471282965888068e-02,  3.1346336224531840e-02
   120,  3.4765e+02,  9.2244374063938719e-02,  9.4471282965888068e-02,  3.1346336211624061e-02
   121,  3.4765e+02,  9.2254374063938716e-02,  9.4471282965888068e-02,  3.1346506031243261e-02
   122,  3.4765e+02,  9.2244374063938719e-02,  9.4481282965888064e-02,  3.1346494828933542e-02
   123,  3.5022e+02,  9.2206526926923105e-02,  9.4510467032514034e-02,  3.1346342976497223e-02
   124,  3.5256e+02,  9.2225465935409881e-02,  9.4490900117430096e-02,  3.1346337541496419e-02
   125,  3.5489e+02,  9.2234935469363288e-02,  9.4481116629193090e-02,  3.1346336350172657e-02
   126,  3.5727e+02,  9.2239670295761675e-02,  9.4476224823682842e-02,  3.1346336143667913e-02
   127,  3.6803e+02,  9.2239670295761675e-02,  9.4476224823682842e-02,  3.1346336138660696e-02
   128,  3.6803e+02,  9.2249670295761671e-02,  9.4476224823682842e-02,  3.1346508415364391e-02
   129,  3.6803e+02,  9.2239670295761675e-02,  9.4486224823682838e-02,  3.1346497630980526e-02
   130,  3.7062e+02,  9.2244403226943064e-02,  9.4471330137874232e-02,  3.1346336203103946e-02
   131,  3.7302e+02,  9.2242035962173591e-02,  9.4473776178407479e-02,  3.1346336133192827e-02
   132,  3.8369e+02,  9.2242035962173591e-02,  9.4473776178407479e-02,  3.1346336135235756e-02
   133,  3.8369e+02,  9.2252035962173587e-02,  9.4473776178407479e-02,  3.1346508403485268e-02
   134,  3.8369e+02,  9.2242035962173591e-02,  9.4483776178407475e-02,  3.1346497371826793e-02
   135,  3.8628e+02,  9.2239670372919857e-02,  9.4476224949362711e-02,  3.1346336135854212e-02
   136,  3.8859e+02,  9.2240854033219230e-02,  9.4475001972558717e-02,  3.1346336129674759e-02
   137,  3.9849e+02,  9.2240854033219230e-02,  9.4475001972558717e-02,  3.1346336128778317e-02
   138,  3.9849e+02,  9.2250854033219226e-02,  9.4475001972558717e-02,  3.1346508481642971e-02
   139,  3.9849e+02,  9.2240854033219230e-02,  9.4485001972558713e-02,  3.1346497571096837e-02
   140,  4.0104e+02,  9.2241445317692738e-02,  9.4474389596072322e-02,  3.1346336130618942e-02
   141,  4.0341e+02,  9.2241149405873357e-02,  9.4474695345951043e-02,  3.1346336128635459e-02
   142,  4.1283e+02,  9.2241149405873357e-02,  9.4474695345951043e-02,  3.1346336128793534e-02
   143,  4.1283e+02,  9.2251149405873353e-02,  9.4474695345951043e-02,  3.1346508451451802e-02
   144,  4.1283e+02,  9.2241149405873357e-02,  9.4484695345951039e-02,  3.1346497510975534e-02
   145,  4.1536e+02,  9.2240263457633073e-02,  9.4475615501365975e-02,  3.1346336130570619e-02
   146,  4.1769e+02,  9.2240707328887117e-02,  9.4475156876284008e-02,  3.1346336129407577e-02
   147,  4.1995e+02,  9.2240929268769326e-02,  9.4474927559346389e-02,  3.1346336128852285e-02
   148,  4.2228e+02,  9.2241040247222239e-02,  9.4474812892082843e-02,  3.1346336128793686e-02
   149,  4.2458e+02,  9.2241095753483757e-02,  9.4474755540849789e-02,  3.1346336128798051e-02
   150,  4.2688e+02,  9.2241123540776432e-02,  9.4474726829935837e-02,  3.1346336128832163e-02
   151,  4.2919e+02,  9.2241136743858448e-02,  9.4474711454487756e-02,  3.1346336128785540e-02
   152,  4.3151e+02,  9.2241143074865903e-02,  9.4474703400219406e-02,  3.1346336128828804e-02
   153,  4.3388e+02,  9.2241146240369623e-02,  9.4474699373085225e-02,  3.1346336128800133e-02
   154,  4.3626e+02,  9.2241147823121497e-02,  9.4474697359518134e-02,  3.1346336128839143e-02
   155,  4.3858e+02,  9.2241148614497420e-02,  9.4474696352734588e-02,  3.1346336128823225e-02
   156,  4.4093e+02,  9.2241149010185389e-02,  9.4474695849342816e-02,  3.1346336128793090e-02
   157,  4.4328e+02,  9.2241149208029380e-02,  9.4474695597646929e-02,  3.1346336128783410e-02
   158,  4.4563e+02,  9.2241149306951362e-02,  9.4474695471798986e-02,  3.1346336128813178e-02
   159,  4.4797e+02,  9.2241149356412366e-02,  9.4474695408875015e-02,  3.1346336128789308e-02
   160,  4.5033e+02,  9.2241149381142862e-02,  9.4474695377413029e-02,  3.1346336128779601e-02
   141,  4.0341e+02,  9.2241149405873357e-02,  9.4474695345951043e-02,  3.1346336128635459e-02
