-1.778789787970068925e+00 -3.635241460825395232e-01 2.030053930276803573e-02
-1.779193303353414635e+00 -3.636793116744511112e-01 6.904534629972738924e-02
-1.775718709241232540e+00 -3.631685917811357522e-01 1.173028958664993210e-01
-1.767852888837605052e+00 -3.607773359506979416e-01 1.647989725063797595e-01
-1.755453265639659310e+00 -3.557851064682603925e-01 2.113389208168630906e-01
-1.738865640940534751e+00 -3.482997128400280862e-01 2.567208390251881078e-01
-1.718836412028204697e+00 -3.392411484699925373e-01 3.006699071406275792e-01
-1.696248355596134516e+00 -3.299765681824786134e-01 3.428300862141877015e-01
-1.671786219956964192e+00 -3.217557927575569465e-01 3.828210178775637851e-01
-1.645673408342669619e+00 -3.151855035265276328e-01 4.203360711036180919e-01
-1.617598000008377168e+00 -3.099711535476733504e-01 4.552363667517695944e-01
-1.586872521775136047e+00 -3.050499469281334752e-01 4.875946788949557797e-01
-1.552775624275546829e+00 -2.990769559090918350e-01 5.176629515944067839e-01
-1.514943829718581769e+00 -2.910743752602028556e-01 5.457693083077646001e-01
-1.473651560734131172e+00 -2.809740513706266984e-01 5.721809754185320784e-01
-1.429852755677253118e+00 -2.698114075863544126e-01 5.969851428010397587e-01
-1.384946981817435807e+00 -2.594578478337968286e-01 6.200334132377315344e-01
-1.340344030316097168e+00 -2.519607705094580319e-01 6.409695683338096917e-01
-1.296990056935540592e+00 -2.487244654337154026e-01 6.593258885493049615e-01
-1.255048229463842535e+00 -2.498448748061302127e-01 6.746451756429969748e-01
-1.213881568755262208e+00 -2.538710001366205060e-01 6.865764627941652876e-01
-1.172377760748671838e+00 -2.581162487394021987e-01 6.949066869026413462e-01
-1.129522833430038675e+00 -2.594382495679350975e-01 6.995225727932355975e-01
-1.085022321500243470e+00 -2.552232242120767158e-01 7.003326569078779373e-01
-1.039728079077284484e+00 -2.442224534026996297e-01 6.972022980075204268e-01
-9.956764022358786104e-01 -2.269312332881631145e-01 6.899528729051814802e-01
-9.556670509091509391e-01 -2.053628372477618036e-01 6.784485202401314696e-01
-9.224727314885310392e-01 -1.822929191916534686e-01 6.627498708546399886e-01
-8.979090206157070986e-01 -1.602500192714461369e-01 6.432725904340789169e-01
-8.820644266628253627e-01 -1.406283428597289165e-01 6.208687408674228303e-01
-8.729612004522679936e-01 -1.232589882270465481e-01 5.967632216558458325e-01
-8.667953016960450174e-01 -1.066072464044101609e-01 5.723249859206243073e-01
-8.587268684992871437e-01 -8.852780909178298296e-02 5.487182405777821792e-01
-8.440186306457242438e-01 -6.729502788637535537e-02 5.265378673722387326e-01
-8.192067156940778805e-01 -4.251394580232894377e-02 5.055608117872968377e-01
-7.829737386342531247e-01 -1.555420726478701741e-02 4.847257085330290982e-01
-7.364823409037146718e-01 1.067768556861780488e-02 4.623877441069219052e-01
-6.830885367647215878e-01 3.256511585471467962e-02 4.368037556327383775e-01
-6.275348977287147356e-01 4.691586302785930029e-02 4.067151018980149635e-01
-5.748655871167489551e-01 5.199029625135229149e-02 3.718456136693975012e-01
-5.293655944417584580e-01 4.804063282427343401e-02 3.331408954916466603e-01
-4.937914866564369065e-01 3.715537649616799248e-02 2.926456202574639898e-01
-4.690493361983357756e-01 2.246075147359523003e-02 2.530274177245642742e-01
-4.543301107118299376e-01 6.973489438423479195e-03 2.168733869434302797e-01
-4.475843375301635230e-01 -7.465390990613943872e-03 1.859677583273961488e-01
-4.461463245936013733e-01 -2.077129743483349666e-02 1.607763535927667076e-01
-4.473196777056507867e-01 -3.448571461934914900e-02 1.403061121700396596e-01
-4.487985514726776093e-01 -5.097719962589139509e-02 1.223924552631371343e-01
-4.488901911737619432e-01 -7.227345440953719669e-02 1.043307891123501085e-01
-4.465842195760194588e-01 -9.897340206185205325e-02 8.365659986253282110e-02
-4.415522914496641249e-01 -1.296706150213748909e-01 5.882970575277118863e-02
-4.341482835689805531e-01 -1.611380031796165735e-01 2.960983930601567352e-02
-4.254274949192565214e-01 -1.892427889351989967e-01 -2.986979026502591637e-03
-4.171431948834367076e-01 -2.102833564877065464e-01 -3.712303001568480199e-02
-4.116430770533888173e-01 -2.222691691755679932e-01 -7.080790025982018621e-02
-4.115981663288562076e-01 -2.256674089638303349e-01 -1.025710931889234206e-01
-4.195529840959101864e-01 -2.233183415317336606e-01 -1.319121983897341699e-01
-4.373670868512710697e-01 -2.195138978471806446e-01 -1.593840406453693181e-01
-4.656898428111323485e-01 -2.185359548271891550e-01 -1.862936249323971782e-01
-5.036386236932058891e-01 -2.231526894684543183e-01 -2.141378754558423692e-01
-5.488166717950855311e-01 -2.335986396130973752e-01 -2.439804703759185789e-01
-5.977158062301793917e-01 -2.474047106805681573e-01 -2.759922451161136991e-01
-6.464292723944595753e-01 -2.601535331631655290e-01 -3.093162474717029431e-01
-6.914933974481689560e-01 -2.669159655346212134e-01 -3.423022186812036405e-01
-7.306232967607907414e-01 -2.638892298840149753e-01 -3.730254700677463342e-01
-7.631303100401288786e-01 -2.496889138464106483e-01 -3.999072417139389324e-01
-7.899030778116333806e-01 -2.258687240075745173e-01 -4.222210997993053327e-01
-8.129699733671807982e-01 -1.965086849515736978e-01 -4.403127051091855759e-01
-8.347919373108052543e-01 -1.670288873992996082e-01 -4.554618268239348233e-01
-8.575162370885671681e-01 -1.426404527804205069e-01 -4.694391347572500206e-01
-8.824250879193189512e-01 -1.269508951217937498e-01 -4.839126564384793050e-01
-9.097377874115727403e-01 -1.211652372899389846e-01 -4.999050392323043934e-01
-9.387983007952906966e-01 -1.240999438200586780e-01 -5.174787105016481759e-01
-9.685473650271905210e-01 -1.329384510068644942e-01 -5.357424311865812694e-01
-9.980859698156440141e-01 -1.444090375298308082e-01 -5.531607078785242271e-01
-1.027116910747205569e+00 -1.559438059006669763e-01 -5.680469110328415505e-01
-1.056107796520754372e+00 -1.664187002413194116e-01 -5.790659832350002478e-01
-1.086129362450115821e+00 -1.762554435081636062e-01 -5.855801189788892858e-01
-1.118445240751874126e+00 -1.869141424411354113e-01 -5.877349403477211132e-01
-1.154018413882890171e+00 -2.000262453830964904e-01 -5.862791024341587054e-01
-1.193123932841202439e+00 -2.165320902820745130e-01 -5.822018938776880592e-01
-1.235210470290971196e+00 -2.361590902886964716e-01 -5.763294485784477006e-01
-1.279054920367613368e+00 -2.574240720324496023e-01 -5.690232404191231108e-01
-1.323143074054527357e+00 -2.781303711485050290e-01 -5.600770136302182234e-01
-1.366127501168976410e+00 -2.961406190332727117e-01 -5.488304937814468820e-01
-1.407190943401993577e+00 -3.101106607178806263e-01 -5.344399629714843281e-01
-1.446186336130692141e+00 -3.199006349401107840e-01 -5.161951155546504744e-01
-1.483514528061601556e+00 -3.265182320806160887e-01 -4.937647368699717432e-01
-1.519801994542061108e+00 -3.316379439106189042e-01 -4.672898521141525818e-01
-1.555514264413250247e+00 -3.369033267368641282e-01 -4.373056248136346635e-01
-1.590659158499386328e+00 -3.432944070588506702e-01 -4.045374222367201233e-01
-1.624692033236521560e+00 -3.508035267788088829e-01 -3.696583378793436014e-01
-1.656651277437736436e+00 -3.585298059115221148e-01 -3.331013147011607778e-01
-1.685460408648258301e+00 -3.651310008825375264e-01 -2.949895884599716966e-01
-1.710269553185005620e+00 -3.694311392010367068e-01 -2.551984465987690021e-01
-1.730698137081537080e+00 -3.709278088197955903e-01 -2.135102883930526940e-01
-1.746885210922557663e+00 -3.699935501386695802e-01 -1.697932183148567475e-01
-1.759334829886505025e+00 -3.676981601485017626e-01 -1.241315527543232627e-01
-1.768628000511506704e+00 -3.653373425757445170e-01 -7.686288534001385619e-02
-1.775125856914494316e+00 -3.638730746995731957e-01 -2.851804107925998144e-02
