Recorder type:
least_squares
N_parameters:
1
function_evaluation,seconds,x(1),objective_function
     1,  3.1600e+00,  1.0000000000000000e+00,  2.2460100070648479e-03
     2,  9.0200e+00,  1.0000000000000000e+00,  2.2460100070648479e-03
     3,  9.0200e+00,  1.0001000000000000e+00,  2.2478813613432663e-03
     4,  1.1960e+01,  7.5990887731596424e-01,  9.6152887556756636e-26
     5,  1.5190e+01,  7.5990887731596424e-01,  9.6152887556756636e-26
     6,  1.5190e+01,  7.6000887731596423e-01,  3.8963635190896818e-10
     4,  1.1960e+01,  7.5990887731596424e-01,  9.6152887556756636e-26
