Recorder type:
least_squares
N_parameters:
1
function_evaluation,seconds,x(1),objective_function
     1,  2.3600e+00,  1.0000000000000000e+01,  1.7875259816443851e-02
     2,  5.8200e+00,  1.0000000000000000e+01,  1.7878281839778267e-02
     3,  5.8200e+00,  1.0000000999999999e+01,  1.7875286298736134e-02
     4,  8.1400e+00,  1.0011935087291057e+01,  1.8197085979433526e-02
     5,  1.0170e+01,  1.0011935087291057e+01,  1.8195307297801118e-02
     6,  1.2230e+01,  1.0011935087291057e+01,  1.8195387148744212e-02
     7,  1.4380e+01,  1.0011935087291057e+01,  1.8195424048800053e-02
     8,  1.6510e+01,  1.0011935087291057e+01,  1.8195440738934171e-02
     9,  1.8630e+01,  1.0011935087291057e+01,  1.8195448476853497e-02
    10,  2.0530e+01,  1.0011935087291057e+01,  1.8195451740252999e-02
    11,  2.2600e+01,  1.0011935087291057e+01,  1.8195453227236071e-02
    12,  2.4650e+01,  1.0011718750000000e+01,  1.8189652837430747e-02
    13,  2.6800e+01,  1.0005859375000000e+01,  1.8033479055094521e-02
    14,  2.8750e+01,  1.0002929687500000e+01,  1.7956355117456926e-02
    15,  3.0810e+01,  1.0001464843750000e+01,  1.7917803981391610e-02
    16,  3.2790e+01,  1.0000732421875000e+01,  1.7898678297902957e-02
    17,  3.4940e+01,  1.0000366210937500e+01,  1.7889125377189851e-02
    18,  3.6950e+01,  1.0000183105468750e+01,  1.7884324803311320e-02
    19,  3.9060e+01,  1.0000091552734375e+01,  1.7881954442030470e-02
     1,  2.3600e+00,  1.0000000000000000e+01,  1.7875259816443851e-02
