Recorder type:
least_squares
N_parameters:
7
function_evaluation,seconds,x(1),x(2),x(3),x(4),x(5),x(6),x(7),objective_function
     1,  3.4500e+00,  0.0000000000000000e+00,  1.0000000000000000e+00,  0.0000000000000000e+00,  0.0000000000000000e+00,  0.0000000000000000e+00,  0.0000000000000000e+00,  0.0000000000000000e+00,  3.4442523228477684e-01
     2,  9.5300e+00,  0.0000000000000000e+00,  1.0000000000000000e+00,  0.0000000000000000e+00,  0.0000000000000000e+00,  0.0000000000000000e+00,  0.0000000000000000e+00,  0.0000000000000000e+00,  3.4436696445341625e-01
     3,  9.5400e+00,  9.9999999999999995e-07,  1.0000000000000000e+00,  0.0000000000000000e+00,  0.0000000000000000e+00,  0.0000000000000000e+00,  0.0000000000000000e+00,  0.0000000000000000e+00,  3.4442523989761203e-01
     4,  9.5400e+00,  0.0000000000000000e+00,  1.0000009999999999e+00,  0.0000000000000000e+00,  0.0000000000000000e+00,  0.0000000000000000e+00,  0.0000000000000000e+00,  0.0000000000000000e+00,  3.4443477704018738e-01
     5,  9.5400e+00,  0.0000000000000000e+00,  1.0000000000000000e+00,  9.9999999999999995e-07,  0.0000000000000000e+00,  0.0000000000000000e+00,  0.0000000000000000e+00,  0.0000000000000000e+00,  3.4442410563448483e-01
     6,  9.5400e+00,  0.0000000000000000e+00,  1.0000000000000000e+00,  0.0000000000000000e+00,  9.9999999999999995e-07,  0.0000000000000000e+00,  0.0000000000000000e+00,  0.0000000000000000e+00,  3.4442535601378677e-01
     7,  9.5400e+00,  0.0000000000000000e+00,  1.0000000000000000e+00,  0.0000000000000000e+00,  0.0000000000000000e+00,  9.9999999999999995e-07,  0.0000000000000000e+00,  0.0000000000000000e+00,  3.4442523718174184e-01
     8,  9.5400e+00,  0.0000000000000000e+00,  1.0000000000000000e+00,  0.0000000000000000e+00,  0.0000000000000000e+00,  0.0000000000000000e+00,  9.9999999999999995e-07,  0.0000000000000000e+00,  3.4442526166109966e-01
     9,  9.5400e+00,  0.0000000000000000e+00,  1.0000000000000000e+00,  0.0000000000000000e+00,  0.0000000000000000e+00,  0.0000000000000000e+00,  0.0000000000000000e+00,  9.9999999999999995e-07,  3.4442522329221320e-01
    10,  1.2370e+01,  1.9871586379184392e-01,  8.4382504810136572e-01,  2.4846873354579860e-02,  8.7811332326145616e-02, -1.9325752634404708e-01, -6.5954676941850313e-03,  5.9863771264114810e-02,  7.8250427649488519e-01
    11,  1.5160e+01,  9.8585389964527023e-02,  9.2128060125181255e-01,  1.1653715726154873e-02,  4.3146572713744870e-02, -9.7362737463795257e-02, -4.0488061980192324e-03,  2.9173804472265447e-02,  6.3541835717568843e-02
    12,  7.1900e+01,  9.8585389964527023e-02,  9.2128060125181255e-01,  1.1653715726154873e-02,  4.3146572713744870e-02, -9.7362737463795257e-02, -4.0488061980192324e-03,  2.9173804472265447e-02,  6.3610418270906147e-02
    13,  7.1910e+01,  9.8586389964527024e-02,  9.2128060125181255e-01,  1.1653715726154873e-02,  4.3146572713744870e-02, -9.7362737463795257e-02, -4.0488061980192324e-03,  2.9173804472265447e-02,  6.3644229078861150e-02
    14,  7.1910e+01,  9.8585389964527023e-02,  9.2128160125181258e-01,  1.1653715726154873e-02,  4.3146572713744870e-02, -9.7362737463795257e-02, -4.0488061980192324e-03,  2.9173804472265447e-02,  6.3641494615218994e-02
    15,  7.1910e+01,  9.8585389964527023e-02,  9.2128060125181255e-01,  1.1654715726154872e-02,  4.3146572713744870e-02, -9.7362737463795257e-02, -4.0488061980192324e-03,  2.9173804472265447e-02,  6.3644046449282246e-02
    16,  7.1910e+01,  9.8585389964527023e-02,  9.2128060125181255e-01,  1.1653715726154873e-02,  4.3147572713744871e-02, -9.7362737463795257e-02, -4.0488061980192324e-03,  2.9173804472265447e-02,  6.3644350344079531e-02
    17,  7.1910e+01,  9.8585389964527023e-02,  9.2128060125181255e-01,  1.1653715726154873e-02,  4.3146572713744870e-02, -9.7361737463795256e-02, -4.0488061980192324e-03,  2.9173804472265447e-02,  6.3644198056630422e-02
    18,  7.1910e+01,  9.8585389964527023e-02,  9.2128060125181255e-01,  1.1653715726154873e-02,  4.3146572713744870e-02, -9.7362737463795257e-02, -4.0478061980192322e-03,  2.9173804472265447e-02,  6.3644103331962770e-02
    19,  7.1910e+01,  9.8585389964527023e-02,  9.2128060125181255e-01,  1.1653715726154873e-02,  4.3146572713744870e-02, -9.7362737463795257e-02, -4.0488061980192324e-03,  2.9174804472265448e-02,  6.3645171849634891e-02
    20,  7.4890e+01,  8.6834659187302876e-03,  8.6704203997483864e-01,  4.6914708683328449e-02,  2.0502449516856902e-01,  2.3372035659096208e-03, -1.7222683156127483e-01,  3.7293610823128612e-02,  1.3464063840247449e+00
    21,  7.7740e+01,  5.3513267276619370e-02,  8.9402923266072321e-01,  2.9162050239164725e-02,  1.2396402346713703e-01, -4.7634619437052425e-02, -8.8258792163159128e-02,  3.3115702836723215e-02,  3.4612343232801979e-01
    22,  8.0350e+01,  7.5928531471610522e-02,  9.0752304783750593e-01,  2.0285577064265342e-02,  8.3433130312990753e-02, -7.2620936150222776e-02, -4.6274091583776114e-02,  3.1026714965685948e-02,  1.4827326204274976e-01
    23,  8.3070e+01,  8.7136890704384878e-02,  9.1427039315569492e-01,  1.5847052530318994e-02,  6.3166368942478832e-02, -8.5114905045207606e-02, -2.5280379340163653e-02,  2.9982153264881801e-02,  9.5751940522701334e-02
    24,  8.5800e+01,  9.2742525417436980e-02,  9.1764494177169487e-01,  1.3627214043212935e-02,  5.3030357176592179e-02, -9.1363511490362065e-02, -1.4780797763182786e-02,  2.9459736806919729e-02,  7.7712919410818551e-02
    25,  8.8420e+01,  9.5548259596160673e-02,  9.1933397198403299e-01,  1.2516139734354045e-02,  4.7957077146183365e-02, -9.4491066097468698e-02, -9.5255436482043852e-03,  2.9198256745042152e-02,  7.0370972067484355e-02
    26,  9.1190e+01,  9.6957014010325165e-02,  9.2018203121406694e-01,  1.1958271191803180e-02,  4.5409791772063515e-02, -9.6061406007682940e-02, -6.8868893921551801e-03,  2.9066968045571125e-02,  6.7069207158754238e-02
    27,  9.3820e+01,  9.7673617347717137e-02,  9.2061342086469589e-01,  1.1674495357350849e-02,  4.4114042007569174e-02, -9.6860204442090495e-02, -5.5446622253073757e-03,  2.9000184283080779e-02,  6.5481866829841404e-02
    28,  9.6550e+01,  9.8060904151202069e-02,  9.2084656451632418e-01,  1.1521129289825544e-02,  4.3413756705753891e-02, -9.7291913417123149e-02, -4.8192583067448273e-03,  2.8964091135658784e-02,  6.4649255865073460e-02
    29,  9.9190e+01,  9.8381186597120987e-02,  9.2105829392134109e-01,  1.1448724562495571e-02,  4.2943580985298595e-02, -9.7566748163061101e-02, -4.2532541492905605e-03,  2.8975603739497958e-02,  6.3983974189048401e-02
    30,  1.0182e+02,  9.8483288280824005e-02,  9.2116944758657682e-01,  1.1551220144325223e-02,  4.3045076849521732e-02, -9.7464742813428179e-02, -4.1510301736548960e-03,  2.9074704105881703e-02,  6.3795905660550517e-02
    31,  1.0445e+02,  9.8534339122675507e-02,  9.2122502441919474e-01,  1.1602467935240047e-02,  4.3095824781633305e-02, -9.7413740138611718e-02, -4.0999181858370646e-03,  2.9124254289073576e-02,  6.3703136265052404e-02
    32,  1.0710e+02,  9.8559864543601272e-02,  9.2125281283550364e-01,  1.1628091830697461e-02,  4.3121198747689084e-02, -9.7388238801203494e-02, -4.0743621919281485e-03,  2.9149029380669510e-02,  6.3656706639663788e-02
    33,  1.0976e+02,  9.8572627254064141e-02,  9.2126670704365810e-01,  1.1640903778426167e-02,  4.3133885730716977e-02, -9.7375488132499369e-02, -4.0615841949736900e-03,  2.9161416926467478e-02,  6.3633519174286460e-02
    34,  1.1242e+02,  9.8579008609295582e-02,  9.2127365414773532e-01,  1.1647309752290520e-02,  4.3140229222230923e-02, -9.7369112798147320e-02, -4.0551951964964616e-03,  2.9167610699366464e-02,  6.3621931374272800e-02
    35,  1.1520e+02,  9.8582199286911310e-02,  9.2127712769977388e-01,  1.1650512739222695e-02,  4.3143400967987897e-02, -9.7365925130971281e-02, -4.0520006972578470e-03,  2.9170707585815955e-02,  6.3616138919062287e-02
    36,  1.1788e+02,  9.8583794625719159e-02,  9.2127886447579321e-01,  1.1652114232688785e-02,  4.3144986840866387e-02, -9.7364331297383269e-02, -4.0504034476385392e-03,  2.9172256029040701e-02,  6.3613243101465558e-02
    37,  1.2055e+02,  9.8584592295123091e-02,  9.2127973286380294e-01,  1.1652914979421829e-02,  4.3145779777305625e-02, -9.7363534380589270e-02, -4.0496048228288858e-03,  2.9173030250653074e-02,  6.3611795284634551e-02
    38,  1.2328e+02,  9.8584991129825064e-02,  9.2128016705780769e-01,  1.1653315352788350e-02,  4.3146176245525247e-02, -9.7363135922192257e-02, -4.0492055104240591e-03,  2.9173417361459258e-02,  6.3611071400079100e-02
    39,  1.2591e+02,  9.8585190547176044e-02,  9.2128038415481017e-01,  1.1653515539471611e-02,  4.3146374479635062e-02, -9.7362936692993757e-02, -4.0490058542216462e-03,  2.9173610916862353e-02,  6.3610709459632500e-02
    40,  1.2859e+02,  9.8585290255851526e-02,  9.2128049270331136e-01,  1.1653615632813242e-02,  4.3146473596689966e-02, -9.7362837078394507e-02, -4.0489060261204388e-03,  2.9173707694563900e-02,  6.3610528492892268e-02
    41,  1.3122e+02,  9.8585340110189282e-02,  9.2128054697756190e-01,  1.1653665679484058e-02,  4.3146523155217414e-02, -9.7362787271094889e-02, -4.0488561120698360e-03,  2.9173756083414673e-02,  6.3610438014072498e-02
    42,  1.3388e+02,  9.8585365037358152e-02,  9.2128057411468722e-01,  1.1653690702819465e-02,  4.3146547934481146e-02, -9.7362762367445066e-02, -4.0488311550445338e-03,  2.9173780277840060e-02,  6.3610392770093102e-02
    43,  1.3666e+02,  9.8585377500942581e-02,  9.2128058768324994e-01,  1.1653703214487169e-02,  4.3146560324113008e-02, -9.7362749915620161e-02, -4.0488186765318835e-03,  2.9173792375052753e-02,  6.3610370147021811e-02
    44,  1.3930e+02,  9.8585383732734802e-02,  9.2128059446753119e-01,  1.1653709470321020e-02,  4.3146566518928939e-02, -9.7362743689707709e-02, -4.0488124372755575e-03,  2.9173798423659102e-02,  6.3610358838180808e-02
    45,  1.4205e+02,  9.8585386848630913e-02,  9.2128059785967187e-01,  1.1653712598237947e-02,  4.3146569616336901e-02, -9.7362740576751483e-02, -4.0488093176473949e-03,  2.9173801447962274e-02,  6.3610353184379187e-02
    46,  1.4482e+02,  9.8585388406578975e-02,  9.2128059955574226e-01,  1.1653714162196410e-02,  4.3146571165040885e-02, -9.7362739020273370e-02, -4.0488077578333141e-03,  2.9173802960113859e-02,  6.3610350355341752e-02
    47,  1.4762e+02,  9.8585389185552999e-02,  9.2128060040377735e-01,  1.1653714944175641e-02,  4.3146571939392878e-02, -9.7362738242034313e-02, -4.0488069779262732e-03,  2.9173803716189654e-02,  6.3610348940915315e-02
    48,  1.5028e+02,  9.8585389575040011e-02,  9.2128060082779495e-01,  1.1653715335165257e-02,  4.3146572326568877e-02, -9.7362737852914785e-02, -4.0488065879727524e-03,  2.9173804094227550e-02,  6.3610348235407649e-02
    49,  1.5307e+02,  9.8585389769783510e-02,  9.2128060103980380e-01,  1.1653715530660065e-02,  4.3146572520156870e-02, -9.7362737658355028e-02, -4.0488063929959928e-03,  2.9173804283246497e-02,  6.3610347882526161e-02
    50,  1.5583e+02,  9.8585389867155274e-02,  9.2128060114580812e-01,  1.1653715628407469e-02,  4.3146572616950873e-02, -9.7362737561075136e-02, -4.0488062955076126e-03,  2.9173804377755973e-02,  6.3610347704958839e-02
    51,  1.5848e+02,  9.8585389915841148e-02,  9.2128060119881039e-01,  1.1653715677281171e-02,  4.3146572665347868e-02, -9.7362737512435196e-02, -4.0488062467634225e-03,  2.9173804425010708e-02,  6.3610347617381435e-02
    52,  1.6126e+02,  9.8585389940184079e-02,  9.2128060122531141e-01,  1.1653715701718021e-02,  4.3146572689546372e-02, -9.7362737488115234e-02, -4.0488062223913270e-03,  2.9173804448638079e-02,  6.3610347570861467e-02
    53,  1.6403e+02,  9.8585389952355551e-02,  9.2128060123856204e-01,  1.1653715713936447e-02,  4.3146572701645618e-02, -9.7362737475955238e-02, -4.0488062102052797e-03,  2.9173804460451761e-02,  6.3610347548991475e-02
    54,  1.6679e+02,  9.8585389958441294e-02,  9.2128060124518729e-01,  1.1653715720045661e-02,  4.3146572707695244e-02, -9.7362737469875255e-02, -4.0488062041122560e-03,  2.9173804466358606e-02,  6.3610347540410145e-02
    55,  1.6948e+02,  9.8585389961484152e-02,  9.2128060124849986e-01,  1.1653715723100266e-02,  4.3146572710720060e-02, -9.7362737466835256e-02, -4.0488062010657442e-03,  2.9173804469312024e-02,  6.3610347534991937e-02
    56,  1.7224e+02,  9.8585389963005587e-02,  9.2128060125015621e-01,  1.1653715724627570e-02,  4.3146572712232462e-02, -9.7362737465315249e-02, -4.0488061995424887e-03,  2.9173804470788735e-02,  6.3610347532951361e-02
    57,  1.7491e+02,  9.8585389963766312e-02,  9.2128060125098443e-01,  1.1653715725391221e-02,  4.3146572712988669e-02, -9.7362737464555260e-02, -4.0488061987808601e-03,  2.9173804471527093e-02,  6.3610347528234273e-02
    58,  1.7768e+02,  9.8585389964146661e-02,  9.2128060125139843e-01,  1.1653715725773046e-02,  4.3146572713366770e-02, -9.7362737464175259e-02, -4.0488061984000467e-03,  2.9173804471896270e-02,  6.3610347530181022e-02
    59,  1.8040e+02,  9.8585389964336842e-02,  9.2128060125160549e-01,  1.1653715725963959e-02,  4.3146572713555820e-02, -9.7362737463985258e-02, -4.0488061982096391e-03,  2.9173804472080858e-02,  6.3610347525305616e-02
    60,  1.8304e+02,  9.8585389964431933e-02,  9.2128060125170907e-01,  1.1653715726059416e-02,  4.3146572713650341e-02, -9.7362737463890250e-02, -4.0488061981144357e-03,  2.9173804472173152e-02,  6.3610347529485273e-02
    61,  1.8579e+02,  9.8585389964479478e-02,  9.2128060125176081e-01,  1.1653715726107145e-02,  4.3146572713697609e-02, -9.7362737463842761e-02, -4.0488061980668340e-03,  2.9173804472219299e-02,  6.3610347529902328e-02
    62,  1.8843e+02,  9.8585389964503251e-02,  9.2128060125178668e-01,  1.1653715726131008e-02,  4.3146572713721236e-02, -9.7362737463819002e-02, -4.0488061980430336e-03,  2.9173804472242371e-02,  6.3610347530000347e-02
    63,  1.9109e+02,  9.8585389964515144e-02,  9.2128060125179956e-01,  1.1653715726142941e-02,  4.3146572713733053e-02, -9.7362737463807136e-02, -4.0488061980311326e-03,  2.9173804472253911e-02,  6.3610347528825148e-02
    64,  1.9373e+02,  9.8585389964521083e-02,  9.2128060125180611e-01,  1.1653715726148907e-02,  4.3146572713738965e-02, -9.7362737463801197e-02, -4.0488061980251825e-03,  2.9173804472259677e-02,  6.3610347527249658e-02
    65,  1.9638e+02,  9.8585389964524053e-02,  9.2128060125180933e-01,  1.1653715726151889e-02,  4.3146572713741914e-02, -9.7362737463798227e-02, -4.0488061980222074e-03,  2.9173804472262563e-02,  6.3610347530144079e-02
    66,  1.9912e+02,  9.8585389964525538e-02,  9.2128060125181088e-01,  1.1653715726153381e-02,  4.3146572713743392e-02, -9.7362737463796742e-02, -4.0488061980207199e-03,  2.9173804472264003e-02,  6.3610347528671660e-02
    67,  2.0190e+02,  9.8585389964526274e-02,  9.2128060125181177e-01,  1.1653715726154127e-02,  4.3146572713744134e-02, -9.7362737463795992e-02, -4.0488061980199766e-03,  2.9173804472264725e-02,  6.3610347527426087e-02
    11,  1.5160e+01,  9.8585389964527023e-02,  9.2128060125181255e-01,  1.1653715726154873e-02,  4.3146572713744870e-02, -9.7362737463795257e-02, -4.0488061980192324e-03,  2.9173804472265447e-02,  6.3541835717568843e-02
